((("taming-mr-arneson" .
   [0 0 0 0 0 0 0 0 0 1 0 0 0 0 0 0 0])
  ("desert" .
   [1 0 0 0 0 0])
  ("black-on-gray" .
   [0 0 0 0 0 0 1 0 0 0 0 0 0])
  ("enable-theme" .
   [1 0 0 0 0 0 0 0 0 0 0 0])
  ("aaa" .
   [1 0 0])
  ("length" .
   [1 0 0 0 0 0])
  ("vector-pop" .
   [0 0 0 1 0 0 0 0 0 0])
  ("vector-push" .
   [0 0 0 0 0 0 0 1 0 0 0])
  ("NIL" .
   [0 0 1])
  ("vector-push-extend" .
   [0 0 1 1 0 0 0 0 0 0 0 0 1 0 0 0 0 0])
  ("read" .
   [3 0 0 0])
  ("vector" .
   [1 0 0 1 0 1])
  ("fjsda" .
   [0 0 0 1 0])
  ("string=" .
   [1 0 0 0 0 0 0])
  ("format" .
   [1 0 0 0 0 0])
  ("bar" .
   [3 0 0])
  ("foo" .
   [3 0 0])
  ("sin" .
   [3 0 0])
  ("3.141592653589793d0" .
   [0 0 0 1 0 0 0 0 0 0 0 0 0 0 0 0 0 0 0])
  ("setf" .
   [1 0 0 0])
  ("piNIL" .
   [0 0 1 0 0])
  ("-1.99" .
   [0 0 1 0 0])
  ("incf" .
   [1 0 0 0])
  ("*a*" .
   [25 0 8])
  ("rem" .
   [4 0 0])
  ("mod" .
   [5 0 0])
  ("round" .
   [2 0 0 0 0])
  ("truncate" .
   [2 0 0 0 0 0 0 0])
  ("floor" .
   [4 0 0 0 0])
  ("ceiling" .
   [1 0 0 0 0 1 0])
  ("1.99" .
   [6 0 0 0])
  ("css-mode" .
   [25 0 0 0 0 0 0 1])
  ("replace-match" .
   [0 0 1 0 0 0 0 0 0 0 0 0 0])
  ("require" .
   [0 0 0 2 1 2 0])
  ("replace" .
   [0 0 1 0 0 0 0])
  ("dark-blue2" .
   [1 0 0 0 0 0 0 0 0 0])
  ("deep-blue" .
   [0 0 0 0 0 1 0 0 0])
  ("comidia" .
   [1 0 0 0 0 0 0])))
